42209
5271
4794
4801
4664
4537
4907
4625
4603
4489
4609
4526
4944
4441
4519
4408
4502
4394
4475
4568
4501
4535
4393
4523
4768
4522
4799
4616
5010
4455
4462
4539
4548
4554
4398
4380
4852
4390
4573
4421
4447
4844
4352
4245
4548
4646
4415
5131
4495
4385
4293
4424
4420
4412
4403
4410
4894
4417
4357
4375
4867
4304
4259
4235
4309
4315
4321
4321
4223
4325
4580
4438
4346
4300
4276
4605
4327
4270
4308
4561
4447
4372
4343
4338
4486
4385
4294
4427
4423
4390
4287
4250
4254
4258
4209
4372
4483
4331
4296
4282
4394
4311
4281
4300
4405
4438
4380
4285
4435
4334
4403
4587
4545
4414
4719
4251
4304
4562
4351
4398
4505
4265
4265
4479
4795
4380
4250
4184
4406
4282
4375
4580
4355
4271
4338
4337
4369
4351
5042
4384
4330
4297
4560
4315
4681
4288
4377
4598
4417
4582
4438
4308
4437
4283
4356
4414
4282
4512
4252
4231
4799
4314
4480
4360
4318
4320
4290
4399
4426
4320
4328
4327
4290
4294
4374
4394
4441
4321
4503
4222
4318
4515
4272
4282
4441
4297
4397
4476
4435
4391
4235
4616
4481
4216
4797
4275
4889
4301
4281
4357
4439
4375
5408
4434
4364
4325
4585
4603
4307
4502
4669
4343
4293
4404
4436
4331
4440
4307
4478
4615
4272
4254
4250
4297
4346
4286
4318
4285
4274
4324
4309
4357
4382
4341
4379
4726
4316
4389
4560
4415
4389
4242
4283
4361
4414
4229
4755
4379
4409
4315
4331
4294
4376
4248
4309
4345
5051
4407
4348
4227
4411
4272
4570
4410
4878
4369
4266
4285
4344
4239
4266
4397
4448
4333
4287
4614
4452
4451
4277
4601
4514
4334
4400
4373
4343
4247
4404
4449
4405
4403
4551
4291
4286
4303
4357
4277
4726
4902
4352
4627
4363
4358
4373
4289
4357
4449
4311
4414
4419
4347
4316
4343
4396
4334
4388
4305
4326
4262
4332
4314
4452
4379
4310
4301
4402
4331
4510
4388
4480
4229
4445
4412
4379
4252
4275
4226
4405
4351
4627
4244
4253
5039
4212
4371
4370
4274
4285
4336
4338
4420
4374
4283
4475
4304
4400
4443
4739
4445
4277
4310
4480
4284
4344
4503
4300
4264
4826
4399
4483
4522
4475
4384
4256
4279
4465
4570
4438
4401
4335
4314
4302
4647
4541
4379
4445
4344
4319
4311
4650
5091
4357
4653
5717
4541
4727
6114
4496
4608
4329
4402
4658
4379
4885
4776
4352
4606
4382
4381
4483
4439
4362
4284
4323
4408
4372
4220
4493
4314
4357
4317
4327
4307
4465
4322
4796
4324
4267
8826
4623
4728
4313
4663
4672
4241
4220
5376
4354
4348
4286
4344
4405
4619
4505
4295
4357
4289
4363
4306
4657
4391
4401
4341
4358
4505
4266
4270
4430
4445
4185
4231
4570
4588
4688
6651
8668
6555
6509
4746
5143
4447
4541
5070
4650
4652
4376
4505
4822
4473
4732
4411
4696
4597
4337
4602
4452
4439
4671
4404
4472
4925
4389
4354
4406
4972
4405
4261
4494
4659
4413
4345
4329
4360
4301
4322
4629
4547
8301
6303
5921
4458
4709
4286
5256
4414
4440
4521
4290
4375
4357
4350
4565
4427
4418
4351
4401
4193
4316
4403
4350
4490
4301
4433
4405
4308
4286
4404
4404
4194
4311
4315
4322
4357
4335
4232
4483
4327
4295
4317
4358
4325
4272
4237
4388
4238
4562
4254
4584
4473
4331
4292
4335
4356
4634
4281
4253
4381
4287
4272
4497
4396
4308
4373
4403
4370
4379
4361
4683
4307
4348
4774
4335
4283
5483
4403
4604
4414
4242
4249
4879
4589
4274
4286
4466
4336
4623
4425
4347
4246
4275
4399
4350
4339
4340
4397
4384
4335
4273
4313
5007
4653
4243
4305
4276
4282
4240
4387
4299
4272
4230
4277
4581
4276
4280
4348
4494
4434
4587
4497
4363
4401
4263
4329
4275
4234
4283
4386
4328
4333
4368
4377
4327
4261
4275
4276
4536
4227
4608
4357
4457
4382
4308
4352
4289
4397
4458
4280
4400
4375
4352
4364
4264
4568
4327
4278
4412
4295
4334
4606
4267
4264
4345
4598
4466
4375
4379
4304
4360
4736
4354
4335
4356
4336
4356
4259
4360
4346
4689
4369
4412
4257
4565
4265
4259
4281
4923
4404
4414
4273
4657
4336
4292
4331
4489
4228
4355
4434
4607
4350
4413
4324
4477
4295
4418
4352
4693
4407
4367
4339
4356
4402
4644
4778
4308
4330
4224
4194
4259
4388
4377
4634
4360
4316
4240
4343
4298
4325
4582
4383
4395
4286
4411
4311
4376
4300
4706
4393
4234
4314
4368
4316
4393
4334
4334
4289
4619
4427
4359
4381
4367
4248
4500
4395
4310
4214
4435
4555
4696
4375
4978
4575
4359
4166
4293
4335
4358
4355
5730
4499
4400
4570
4557
4590
4431
4321
4387
4354
4332
4346
4621
4302
4590
4243
4458
4375
4241
4373
4398
4598
4317
4244
4385
4250
4331
4254
4308
4314
4382
4347
4372
4271
4221
4360
4572
4360
4775
4387
4661
4319
4249
4252
4359
4561
4426
4273
4499
4386
4368
4479
4404
4374
4222
4306
4669
4273
4343
4631
4325
4272
4329
4262
4390
4315
4403
4253
4555
4277
4280
4528
4292
4187
4394
4327
4358
4301
4762
4313
4425
4301
4243
4305
4870
4544
4448
4486
4511
4529
4559
4322
4991
4243
4401
4335
4417
4650
4508
4213
4211
4181
4315
4277
4342
4266
4189
4229
4333
4584
4369
4236
4282
4218
4378
4221
4349
4275
4265
4318
4207
4296
4351
4339
4506
4326
4181
4352
4343
4217
4277
4180
4202
4273
4281
4262
4247
4380
4206
4454
4315
4200
4153
4287
4400
4237
4206
4261
4313
4224
4368
4553
4308
4551
4301
4315
4251
4274
4286
4237
4351
4220
4243
4541
4277
4204
4189
4201
4333
4216
4308
4252
4244
4748
4393
4336
4364
4278
4274
4216
4297
4269
4244
4250
4309
4233
4222
4207
4278
4195
4170
4465
4683
4556
4323
5122
5006
4400
4459
4328
4399
4267
4281
4223
4805
4312
4593
4290
4292
4268
4272
4480
4262
4197
4186
4205
4237
4193
4603
4304
4342
4300
4572
4238
4288
4230
4203
4281
4197
4478
4251
4471
4387
4305
4213
4955
4399
4247
4196
4290
4369
4255
4348
4254
4461
4457
4207
4380
5152
4240
4188
4235
4411
4217
4181
4230
4300
4381
4294
4223
4396
4550
4680
4290
4299
4178
4185
4491
4329
4291
4649
4236
4307
4543
4274
4219
4298
4338
4242
4568
4378
4242
4187
4169
4663
4567
4564
4323
4342
4254
4225
4272
4243
4279
4267
4168
4209
4598
4342
4267
4866
4252
4134
4256
4325
4302
4193
4181
4283
4221
4523
4230
4314
4229
4197
4288
4389
4207
4138
4157
4287
4377
4313
4144
4413
4429
4136
4300
4275
4281
4317
4328
4300
4264
4212
4146
4227
4454
4585
4272
4386
4831
4330
4255
4332
4602
4326
4588
4194
4348
4317
4463
4603
4272
4260
4207
4207
4272
4271
4450
4421
4231
4171
4109
4255
4322
4300
4197
4240
4250
4250
4433
4265
4295
4203
4221
4259
4307
4520
4185
4130
4285
4443
4256
4340
4314
4249
4184
4367
4257
4224
5421
4731
4290
4261
4315
4362
4383
4198
4280
4375
4266
4486
4188
4220
4143
4470
4160
4154
4220
4273
4295
4262
4261
4204
4271
4310
4216
4206
4241
4202
4281
4145
4217
4279
4274
4221
4244
4232
4268
4235
4250
4320
4223
4223
4479
4291
4246
4214
4230
4271
4580
4498
4218
4165
4391
4106
4123
4398
4260
4275
4282
4266
4194
4292
4511
4432
4259
4328
4246
4187
4177
4121
4246
4190
4207
4306
4190
4244
4200
4179
4160
4271
4217
4137
4219
4222
4233
4497
4267
4907
4592
4250
4200
4189
4214
4169
4211
4226
4236
4246
4157
4557
4206
4207
4537
4368
4232
4113
4091
4215
4124
4134
4218
5194
4248
4204
4239
4175
4618
4207
4169
4298
4336
4177
4307
4188
4129
4164
4270
4248
4218
4253
4257
4560
4334
4191
4225
4382
4347
4130
4503
4178
4429
4213
4253
4616
4536
4510
4223
4202
4478
4255
4192
4301
4200
4246
4246
4204
4229
4331
4227
4560
4221
4208
4210
4307
4219
4335
4211
4284
4340
4257
4171
4307
4265
4351
4449
4252
4328
4211
4198
4218
4230
4189
4239
4280
4224
4190
4216
4235
4224
4449
4854
4381
4277
4203
5104
4161
5308
4341
4222
4297
4333
4259
4185
4230
4134
4199
4164
4217
4697
4302
4233
4294
4211
4215
4186
4461
4238
4196
4221
4258
4132
4125
4463
4323
4499
4111
4200
4507
4211
4243
4168
4681
4337
4670
4258
4275
4239
4188
4123
4522
4285
4377
4258
4231
4331
4189
4546
4614
4262
4248
4188
4206
4159
4198
4119
4264
4263
4170
4192
4175
4252
4162
4167
4356
4338
4371
4335
4262
4226
4261
4240
4343
4182
4275
4140
4267
4163
4182
4196
4264
4219
4428
4171
4123
4090
4234
4240
4488
4182
4272
4185
4271
4162
4165
4254
4355
4564
4249
4253
4556
4286
4146
4262
4349
4464
4236
4267
4250
4215
4189
4261
4398
4266
4236
4222
4174
4108
4095
4116
4270
4164
4184
4249
4302
4211
4916
4321
4293
4206
4229
5054
4202
4220
4171
4181
4362
4525
4833
4275
4217
4205
4273
4522
4254
4229
4424
4207
4173
4225
4221
4113
4307
4398
4147
4354
4831
4306
4208
4194
4384
4223
4273
4181
4548
4571
4297
4267
4711
4294
4148
4175
4226
4160
4139
4179
4259
4316
4198
4301
4189
4238
4544
4201
4311
4390
4250
4211
4188
4248
4275
4207
4573
4098
4315
4942
4559
4391
4373
4132
4272
4192
4232
4144
4539
4289
4245
4088
4206
4612
4217
4470
4149
4253
4142
4322
4348
4286
4163
4454
4224
4202
4227
4154
4378
4200
4163
4157
4162
4252
4147
4409
4423
4218
4247
4279
4294
4776
4226
4287
4294
4263
4330
4773
4477
4158
4408
4165
4451
4197
4222
4192
4226
4277
4111
4418
4183
4228
4079
4077
4095
4054
4071
4065
4274
4225
4255
4171
4199
4337
4165
4119
4226
4092
4432
4236
4162
4210
4251
4243
4293
4236
4279
4273
4580
4165
4107
4155
4168
4087
4126
4146
4248
4111
4296
4190
4175
4410
4233
4240
4418
4234
4283
4189
4536
4533
4775
4464
4315
4128
4192
4201
4275
4262
4548
4288
4608
4252
4577
4255
4352
4170
4142
4201
4238
4194
4138
4136
4576
4224
4125
4124
4283
4249
4211
4257
4307
4160
4167
4136
4245
4215
4150
4217
4324
4237
4215
4200
4165
4232
4188
4159
4307
4168
4179
4268
4223
4078
4266
4120
4245
4190
4145
4174
4215
4489
4213
4293
4407
4227
4616
4505
4202
4113
4242
4124
4252
4265
4209
4215
4254
4334
4213
4205
4248
4238
4205
4265
4425
4230
4289
4194
4261
4242
4217
4398
4283
4266
4307
4263
4241
4249
4213
4189
4117
4173
4268
4348
4254
4212
4248
4284
4252
4320
4198
4189
4289
4239
4214
4134
4319
4184
4360
4242
4977
4241
4228
4212
4217
4505
4263
4251
4291
4881
4215
4169
4202
4327
4303
4168
4470
4288
4132
4114
4240
4261
4447
4247
4210
4256
4210
4172
4160
4278
4272
4678
4392
4942
4539
4272
4288
4735
4285
4415
4258
4646
4461
4227
4292
4274
4249
4111
4511
4471
4180
4102
4165
4144
4207
4363
4244
4214
4086
4263
4388
4263
4190
4105
4428
4255
4241
4141
4159
4168
4233
4241
4354
4135
4355
4281
4522
4191
4286
4258
4256
4247
4223
4137
4107
4252
4177
4428
4553
4445
4181
4174
4201
4271
4267
4226
4311
4516
4400
4204
4225
4157
4146
4480
4319
4082
4138
4222
4556
4170
4247
4178
4276
5127
4189
4144
4549
4100
4221
4233
4332
4177
4100
4133
4547
4222
4232
4179
4362
4244
4209
4352
4318
4265
4220
4218
4240
4341
4182
4235
4196
4227
4259
4191
4323
4580
4253
4227
4126
4105
4278
4250
4325
4393
4601
4243
4187
4175
4234
4222
4298
4251
4304
4491
4210
4172
4241
4229
4400
5430
4328
4633
4247
4158
4266
4494
4654
4254
4381
4173
4109
4192
4153
4180
4323
4254
4174
4144
4263
4194
4093
4148
4537
4321
4166
4491
4215
4254
4173
4207
4403
4193
4114
4255
4194
4327
4187
4219
4236
4319
4119
4147
4160
4114
4235
4150
4549
4168
4087
4117
4558
4187
4205
4107
4191
4479
4216
4234
4190
4269
4220
4171
4273
4175
4241
4268
4156
4105
4494
4180
4375
4318
4227
4194
4166
4251
4274
4193
4367
4217
4248
4170
4223
4268
4286
4207
4754
4248
4235
4275
4301
4293
4581
4151
4376
4480
4170
4373
4206
4494
4208
4163
4245
4275
4276
4153
4121
4136
4246
4136
4535
4133
4155
4145
4191
4093
4112
4282
4473
4076
4125
4070
4176
4148
4255
4210
4358
4175
4118
4124
4099
4296
4384
4137
4212
4187
4255
4310
4347
4611
4242
4107
4193
4068
4371
4142
4149
4121
4144
4350
4159
4058
4112
4088
4174
4636
4137
4055
4137
4143
4864
4157
4082
4162
4179
4216
4301
4200
4241
4267
4196
4202
4455
4161
4333
4076
4151
4239
4098
4148
4273
4138
4259
4162
4123
4151
4328
4210
4212
4187
4310
4148
4239
4214
4127
4379
4172
4079
4231
5909
4407
4290
4236
4297
4442
4113
4191
4215
4444
4322
4255
4198
4279
4473
4628
4266
4543
4271
4181
4242
4288
4226
4216
4183
4545
4232
4287
4207
4166
4273
4552
4110
4126
4123
4260
4202
4156
4118
4556
4272
4150
4484
4294
4120
4079
4280
4247
4213
4115
4096
4245
4267
4226
4183
4341
4128
4271
4171
4260
4138
4178
4382
4292
4252
4236
4218
4420
4101
4428
4429
4291
4521
4258
4204
4151
4063
4076
4046
4461
4037
4115
4117
4181
4045
4280
4325
4324
4246
5402
4202
4230
4197
4734
4378
4199
4203
4248
4484
4519
4199
4157
4129
4246
4743
4454
4472
4148
4141
4167
4159
4268
4175
4289
4226
4527
4505
4170
4132
4182
4170
4217
4427
4228
4721
4110
4108
4184
4168
4187
4181
4204
4164
4175
4256
4334
4314
4172
4265
4517
4235
4487
4192
4463
4343
4509
4176
4157
4154
4214
4174
4264
4177
4181
4211
4129
4196
4168
4146
4279
4173
4103
4215
4126
4174
4472
4191
4331
4568
4274
4156
4280
4266
4235
4147
4183
4080
4062
4397
4150
4207
4189
4252
4340
4227
4165
4236
4765
4261
4236
4259
4252
4095
4175
4167
4175
4084
4178
4141
5562
4562
4313
4309
4266
4601
4304
4333
4232
4279
4144
4134
4112
4167
4126
4091
4358
4186
4247
4134
4275
4163
4160
4153
4251
4095
4428
4275
4959
4199
4174
4173
4301
4231
4213
4193
4237
4174
4185
4184
4517
4280
4186
4152
4250
4157
4125
4465
4220
4185
4153
4154
4204
4225
4202
4220
4203
4329
4194
4227
4134
4276
4211
4226
4854
4207
4471
4224
4229
4143
4163
4179
4299
4170
4142
4219
4112
4196
4262
4233
4259
4120
4214
4102
4193
4139
4270
4114
4330
4184
4171
4169
4140
4152
4188
4274
4291
4101
4167
4206
4434
4209
4125
4138
4236
4193
4153
4155
4149
4302
4242
4559
4232
4520
4532
4182
4093
4139
4128
4091
4191
4245
4458
4135
4148
4218
4101
4193
4226
4075
4184
4162
4282
Average: 4354.23626153229
