25272
1506
1078
1031
1030
1023
1005
995
979
990
976
981
1017
983
992
992
987
1041
1019
974
1043
983
1019
983
1003
990
977
984
984
980
2196
1043
993
1027
988
998
1293
985
993
986
987
988
989
991
1075
984
983
985
1061
987
988
994
1049
995
1040
984
1011
1029
990
996
1049
983
988
1035
996
990
1063
1017
989
986
991
986
995
1018
983
997
988
987
991
992
983
985
987
993
985
991
1050
1020
1005
989
989
987
994
987
1030
999
988
987
987
989
986
984
996
989
986
987
990
1000
1004
1013
984
1050
984
990
1002
1006
989
989
993
976
988
987
993
995
987
990
985
977
995
983
984
1051
984
990
988
993
987
982
985
986
993
1010
989
986
989
1000
989
989
991
992
985
987
983
978
991
993
989
988
987
987
996
1048
991
992
990
995
990
993
1004
986
994
994
1005
987
998
1034
990
984
990
987
983
988
1021
991
986
981
993
979
986
1023
986
989
982
980
989
994
990
990
992
982
983
983
982
983
989
1012
985
988
985
984
1046
1020
982
1010
1005
990
983
984
992
984
983
982
986
981
985
1012
1079
989
995
987
1017
989
991
1002
986
1018
989
983
987
1005
985
987
997
1071
1045
987
993
992
992
1014
982
992
989
990
980
980
989
1013
2829
998
981
991
1010
984
979
983
977
1007
984
1051
979
981
1002
983
994
980
995
987
998
991
979
976
985
1008
1152
1038
987
990
982
984
1010
988
985
987
980
987
980
984
991
1022
987
983
1047
986
1033
992
1002
984
1006
1042
983
994
982
984
1046
994
987
988
987
998
982
988
983
987
983
986
1035
982
1003
991
986
1008
984
987
984
988
987
1082
986
977
993
989
990
1003
985
1019
991
982
984
986
989
990
985
994
988
1044
986
992
1015
988
979
1009
993
996
989
994
986
994
1049
986
1069
1024
996
991
992
1035
985
1049
982
1045
984
988
981
990
983
983
988
989
987
985
991
989
984
1003
987
1071
1048
983
1007
984
981
992
982
986
986
1005
985
981
985
985
988
992
1002
1002
1003
1003
990
993
980
984
983
1042
983
988
981
989
988
1019
993
992
988
1051
985
1052
1005
993
993
1014
985
1001
986
988
988
1017
1043
985
988
989
1045
986
991
982
987
983
989
987
983
1025
983
1012
993
990
985
982
978
1025
989
983
1046
991
985
988
991
993
990
987
985
992
981
1013
983
986
1051
988
989
997
992
986
987
1008
991
989
986
1014
986
988
986
1059
989
981
997
996
986
985
988
984
997
982
982
984
992
986
990
983
986
985
978
989
993
976
982
983
1000
987
978
983
983
1002
985
979
984
976
1002
1003
987
1044
982
988
1453
988
991
1017
993
988
992
992
997
990
1003
981
983
992
991
983
986
988
1041
983
988
983
989
997
983
1012
996
982
1038
979
982
979
1064
1002
1014
986
980
976
991
996
982
981
974
988
987
1056
980
994
982
986
987
984
989
1023
985
982
986
988
1004
988
1007
985
986
981
1008
976
986
983
1013
1047
985
986
998
991
997
977
1069
1004
985
1008
981
978
1059
982
987
984
1055
997
978
982
982
984
981
1068
1045
985
981
1034
1035
1042
983
987
1001
981
990
981
994
984
1013
1050
1044
987
980
1047
984
990
983
1026
1007
1042
985
983
1026
996
980
1014
1020
1046
984
1003
991
983
991
987
980
990
983
985
1014
981
975
978
980
982
1113
986
992
996
1007
1005
982
1007
1020
983
990
986
1062
980
987
985
990
985
979
990
1012
994
984
977
983
986
988
994
988
990
988
1021
1009
991
984
1023
994
996
981
985
986
1009
988
982
983
984
993
1057
993
988
1010
988
990
1025
993
1075
983
995
993
1017
984
1048
986
980
985
1049
1047
980
989
980
1009
987
998
985
1002
984
1001
987
987
983
983
1045
983
989
981
1039
985
984
991
1056
1107
986
994
986
989
982
984
989
983
998
983
1013
984
982
992
1001
989
1007
981
989
1123
1030
987
985
1081
989
1008
998
985
996
1012
988
989
989
992
982
984
985
998
983
984
988
977
988
1010
1012
986
994
978
982
992
993
982
995
983
999
989
991
988
1001
984
1001
981
994
982
983
1020
990
988
991
983
989
1009
990
1051
983
985
979
990
981
980
985
1007
997
1004
1002
979
990
981
990
991
980
984
989
985
1000
980
1634
1015
1050
999
977
981
1058
1009
985
995
982
990
982
983
984
990
985
1008
984
987
990
983
982
998
989
993
987
1012
988
985
1006
979
983
984
993
998
989
989
986
985
985
981
984
1107
995
981
1069
984
1001
980
1013
987
988
984
991
986
987
1003
981
987
985
996
1008
986
981
1044
984
979
992
985
983
981
986
988
993
979
987
986
1016
987
985
1006
987
989
992
981
984
980
1009
1039
1051
986
975
1054
984
992
989
987
982
980
997
981
985
1006
987
990
988
1008
1044
989
1000
983
1003
986
992
992
983
990
1008
976
984
987
987
990
984
979
980
992
1008
991
1020
997
1003
989
1073
1046
1008
988
978
986
987
988
991
988
982
995
979
1008
992
989
1045
989
1049
980
984
990
989
1000
985
980
988
988
996
1075
985
997
990
989
987
998
1007
991
992
991
1051
985
990
1141
988
984
991
1063
991
990
1056
982
988
1023
985
1045
1072
985
992
989
988
983
1004
989
992
986
989
988
987
1076
997
1017
996
995
1011
985
994
987
996
988
1047
987
989
987
984
987
1052
983
996
996
1011
1020
996
994
982
981
1006
1007
992
988
984
997
986
1047
989
1021
992
984
994
1020
989
996
1048
978
994
989
996
993
982
988
995
991
991
986
1003
986
1012
1049
988
986
986
992
980
994
982
986
986
1049
988
1048
988
990
988
1007
982
983
992
1011
991
980
988
993
990
984
990
1047
1056
979
987
1067
1052
998
988
1019
990
1015
987
987
985
993
994
988
986
1073
985
1016
1023
979
993
986
989
990
987
995
1005
1011
985
990
984
984
987
1003
985
1021
984
989
989
1014
993
988
998
989
1004
1048
991
985
987
991
1004
1050
1042
989
1001
987
1041
1014
979
991
992
986
983
990
1005
983
1004
985
984
991
994
996
990
986
985
984
986
982
983
983
990
1000
990
1004
1005
986
997
1012
984
988
988
981
984
985
989
986
985
982
1038
984
979
1079
980
987
986
983
993
990
998
987
992
985
985
989
979
989
981
982
1025
983
983
981
986
982
978
994
977
988
1038
1016
1001
1005
1005
986
988
986
988
979
987
1118
1045
979
1081
1050
992
1019
994
986
987
994
986
988
995
990
995
1000
1043
1053
991
990
987
987
993
989
978
992
988
979
991
988
989
993
989
1008
986
1058
1020
1056
985
989
989
991
984
985
992
996
991
986
985
1012
1061
1042
998
986
990
990
982
988
990
987
993
1055
1005
1007
986
995
1005
991
991
993
1004
999
996
996
1002
987
1075
981
992
993
995
996
984
988
993
983
989
992
1021
986
991
982
1008
995
993
989
1007
1004
990
986
996
1046
985
987
1058
986
988
987
991
992
982
1002
989
998
987
984
1004
986
1051
996
992
1107
986
980
983
1025
1001
1012
984
984
982
987
993
990
995
984
983
1018
1054
985
995
985
991
992
993
1044
994
984
1012
1000
1014
997
1007
1009
980
983
983
987
1060
989
1002
986
986
1043
984
987
995
984
1001
1040
1044
1024
983
993
1365
1450
1483
1767
2273
1264
1308
1308
1306
1306
1456
1670
1589
1365
1312
1273
1283
1485
1206
1296
1484
1705
1226
1230
1589
1162
1133
1212
1193
1417
1170
1309
1496
1303
1388
1175
1165
1255
1191
1204
1267
1295
1280
1310
1276
1146
1313
1174
1385
1303
1149
1425
1283
1213
1208
1172
1204
1173
1520
1344
1231
1465
1373
1384
1290
1267
1312
1278
1273
1304
1423
1595
1280
1416
1496
1439
1541
1429
1362
1714
1301
1461
1526
1741
1308
1308
1293
1591
1559
1528
1358
1357
1438
1271
1409
1465
1386
1286
1273
1477
1446
1419
1611
1300
1413
1510
1414
1292
1280
1347
1511
1471
1407
1558
1487
1607
1383
1292
1400
1478
1522
1280
1371
1372
1471
1390
1307
1435
1465
1389
1418
1320
1420
1381
1401
1384
1393
1332
1291
1408
1358
1387
1436
1349
1598
1324
1545
1435
1425
1515
1471
1305
1410
1509
1330
1303
1349
1536
1558
1374
1483
1473
1516
1343
1347
1466
1365
1310
1479
1342
1433
1616
1270
1351
1496
1446
1446
1369
1436
1520
1416
1410
1393
1363
1291
1288
1495
1333
1340
1369
1228
1357
1503
1375
1384
1435
1343
1324
1442
1439
1330
1400
1357
1470
1458
1367
1384
1502
1284
1364
1403
1410
1386
1444
1436
1450
1394
1391
1291
1369
1398
1338
1528
1490
1603
1355
1350
1303
1378
1487
1337
1412
1243
1463
1347
1302
1413
1480
1411
1376
1349
1407
1394
1506
1414
1530
1421
1508
1392
1269
1448
1478
1387
1236
1363
1419
1467
1462
1495
1389
1430
1515
1268
1360
1377
1380
1321
1523
1262
1377
1474
1400
1422
1392
1438
1397
1502
1344
1361
1409
1437
1365
1342
1503
1609
1465
1252
1377
1505
1428
1722
1529
1425
1354
1379
1554
1434
1353
1319
1396
1404
1247
1446
1557
1304
1382
1366
1590
1338
1684
1483
1427
1604
1460
1617
1294
1385
1483
1379
1447
1463
1470
1412
1271
1452
1460
1480
1289
1542
1341
1387
1426
1249
1724
1450
1329
1429
1450
1313
1402
1590
1332
1371
1495
1378
1515
1324
1497
1380
1620
1345
1300
1388
1404
1307
1545
1388
1381
1542
1358
1416
1530
1507
1382
1475
1404
1465
1449
1471
1322
1400
1573
1264
1320
1468
1282
1298
1356
1353
1461
1601
1447
1306
1337
1366
1344
1441
1323
1385
1508
1373
1391
1465
1376
1499
1458
1489
1476
1404
1407
1421
1412
1399
1365
1361
1417
1496
1366
1379
1274
1328
1512
1283
1268
1307
1437
1411
1426
1401
1492
1511
1444
1454
1453
1425
1302
1317
1585
1377
1409
1384
1364
1644
1489
1543
1392
1400
1328
1438
1346
1441
1602
1481
1513
1404
3168
1609
1409
1272
1357
1591
1665
1549
1322
1417
1360
1307
1300
1368
1323
1378
1442
1423
1343
1371
1486
1483
1543
1376
1480
1517
1535
1320
1381
1389
1300
1621
1395
1388
1399
1395
1453
1455
1305
1353
1469
1450
1598
1372
1286
1364
1450
1539
1335
1402
1392
1460
1398
1269
1325
1310
1398
1444
1383
1308
1421
1513
1314
1377
1467
1466
1481
1359
1381
1568
1439
1439
1745
1538
1560
1304
1353
1325
1438
1331
1402
1459
1665
1467
1341
1299
1275
1321
1436
1345
1242
1306
1401
1597
1351
1431
1438
1420
1396
1445
1447
1345
1467
1394
1360
1476
1357
1263
1431
1460
1414
1637
1349
1455
1498
1469
1494
1459
1315
3028
1429
1334
1376
1509
1438
1359
1420
1265
1509
1460
1335
1334
1398
1378
1442
1330
1443
1482
1338
1365
1343
1374
1753
1295
1441
1374
1264
1409
1586
1281
1523
1456
1381
1411
1417
1473
1401
1432
1320
1713
1399
1299
1349
1285
1334
1374
1428
1625
1348
1451
1261
1413
1395
1310
1410
1505
1320
1414
1379
1420
1567
1497
1353
1550
1424
1453
1361
1484
1310
1508
1299
1356
1618
1494
1521
1428
1516
1305
1389
1650
1436
1482
1340
1409
1328
1269
1458
1394
1503
1425
1594
1413
1482
1377
1445
1303
1486
1406
1546
1435
1263
1318
1316
1372
1316
1309
1331
1329
1570
1424
1558
1255
1269
1321
1413
1388
1450
1441
1310
1222
1371
1201
1569
1380
1490
1494
1392
1517
1300
1407
1414
1465
1420
1328
1443
1348
1539
1329
1350
1384
1393
1377
1468
1390
1292
1264
1392
1406
1333
1387
1388
1498
1309
1388
1274
1374
1482
1272
1292
1426
1469
1346
1500
1480
1515
1588
1622
1394
1277
1334
1316
1418
1363
1364
1323
1557
1493
1407
1494
1292
1393
1424
1326
1372
1657
1405
1344
1387
1360
1463
1506
1437
1262
1406
1394
1397
1556
1342
1485
1295
1399
1488
1347
1325
1328
1474
1367
1449
1388
1456
1299
1567
1333
1297
1343
1356
1506
1379
1322
1338
1367
1329
1420
1454
1398
1362
1316
1236
1347
1431
1279
1399
1372
1642
1260
1287
1508
1642
1379
1353
1258
1237
1286
1298
1416
1490
1355
1359
1323
1503
1421
1314
1523
1411
1430
1420
1359
1649
1513
1541
1400
1439
1323
1425
1569
1354
1526
1488
1452
1279
1364
1318
1301
1728
1409
1300
1725
1437
1541
1426
1642
1465
1487
1384
1320
1392
1263
1440
1347
1513
1590
1352
1318
1467
1360
1574
1357
1486
1426
1349
1437
1449
1290
1387
1416
1388
1434
1374
1398
1681
1479
1445
1479
1288
1475
1411
1431
1300
1274
1344
1500
1392
1473
1381
1415
1376
1348
1265
1350
1500
1417
1438
1306
1368
1346
1387
1546
1474
1446
1328
1391
1317
1367
1433
1393
1616
1517
1359
1465
1471
1442
1319
1400
1317
1461
1592
1393
1442
1356
1619
1341
1441
1514
1343
1539
1323
1347
1516
1357
1454
1265
1308
1498
1294
1361
1348
1346
1397
1432
1477
1481
1280
1288
1344
1380
1396
1354
1273
1378
1373
1331
1323
1362
1426
1267
1345
1460
1521
1532
1274
1345
1286
1312
1348
1439
1491
1512
1502
1383
1407
1425
1340
1451
1387
1622
1490
1386
1517
1569
1432
1455
1474
1374
1332
1308
1532
1376
1283
1383
1423
1371
1416
1472
1502
1337
1376
1441
1511
1573
1292
1310
1398
1481
1413
1552
1390
1428
1469
1395
1402
1400
1445
1436
Average: 1177.62053750501
